image: map.pgm
resolution: 0.050000
origin: [-1.850000, 3.050000, -1.570796]
negate: 0
occupied_thresh: 0.65
free_thresh: 0.196

